16017
15155
14611
15118
14916
15227
15036
15061
14611
14804
14975
14786
15069
14830
15186
14705
14149
14668
14801
14882
14766
14999
15142
14690
14721
14672
14987
14369
14680
14818
14646
14722
15103
14189
14996
14861
14666
14716
14633
14414
14650
14692
14631
14824
14612
14566
14788
14614
14692
14610
14769
12977
15015
14944
15018
14383
15100
15213
14775
14685
15079
14782
14915
15195
14859
14727
14859
15087
16482
14305
13876
14560
14644
14643
14624
14771
14439
14719
14698
14966
15252
14974
15213
14467
14722
14894
14482
14588
14667
14990
14787
14886
14956
14368
14572
14821
14440
14686
14238
15019
14758
14552
14829
15481
14956
14661
14946
14726
14564
15166
14939
14406
14756
14608
14939
14340
14787
14853
14024
14802
15028
14547
12585
15123
14891
14874
14889
14543
14779
14353
14794
14962
14620
15405
14885
14776
14987
15118
14631
14901
15465
14953
14990
14956
14917
14402
15198
14060
14519
14373
14725
15062
14632
14777
14558
14454
14637
14822
14764
15402
14667
14666
14481
14769
14852
14984
14634
14974
14409
15167
14881
14845
14347
14902
14679
15034
14723
14673
14885
14857
14881
14621
15093
14801
15003
15171
14754
14771
15168
14894
15591
14755
14789
14983
14734
16106
14859
14791
14850
14813
14848
14792
13710
14444
14761
14664
14688
15020
14503
15010
14455
15025
14658
14688
14512
14663
13975
14719
14621
14546
14849
14788
14776
15073
14678
14742
14867
14600
14588
14035
14956
14705
15363
14921
14427
14942
14594
14692
14579
14900
14809
15029
14902
14484
14309
14795
14801
14706
14530
14742
14709
14564
14714
14948
14785
14705
14303
14863
14819
14857
14932
14827
14935
15002
14921
14718
15049
15040
14649
15044
14981
14698
14843
14662
14414
15023
14829
14733
14534
15346
14988
14526
14281
14469
14571
15134
14570
14687
15104
14699
14135
14796
14773
14733
15027
14382
14602
14662
14869
15253
15225
12583
15118
14486
14830
14390
14687
14638
14742
14272
14844
14683
14988
15097
14674
14942
13449
15374
14628
14719
14561
15520
14879
14982
15039
14353
15006
14671
14517
15219
15047
15283
14537
14785
14077
14763
14737
15045
14200
14874
14438
14605
14791
14944
15159
14458
14920
14651
14414
14204
14607
14695
14826
14571
14328
14980
14337
15143
14579
14341
14657
14846
14500
14406
14991
14791
14599
14536
14464
14276
14706
14611
14763
14801
14865
15303
14615
14836
14383
14608
14982
14861
14697
14656
14533
14991
14870
14500
14421
15125
14495
14373
14650
14660
14183
14596
14598
14539
14914
14759
14156
14735
14600
14835
14902
14456
14603
14926
14776
14485
14702
14653
14429
14680
14656
14529
14487
15162
14907
14914
14587
14538
14651
14608
14612
14365
15419
15058
14463
14655
14613
14743
14891
14538
14074
14735
14410
15093
14748
14631
14521
14883
14751
14690
14723
14293
13821
14539
14276
14476
14853
14550
14502
14786
14891
14595
14841
14728
14677
14512
14529
14464
14424
14668
14449
14949
14710
15050
14627
14286
14635
14584
14612
14759
14649
14802
14291
14437
14669
14918
14513
15191
14478
14259
15076
15011
14552
14844
15443
13532
14433
14791
14829
15044
14740
14649
14982
14787
15207
14935
14472
14001
14581
14463
15603
15205
14777
14930
15006
14419
14403
14735
14506
14667
14473
14274
14872
14973
14400
14150
14537
14429
14661
15028
14652
14545
14702
14510
14591
14688
14358
14450
14672
13801
14739
14487
15208
14962
14467
14519
14017
15082
14499
14577
14911
14584
14556
14828
14726
14876
14843
14679
14627
14620
14774
14930
14854
14481
14029
14684
14659
14683
14783
14287
14610
14436
13794
14805
14670
14463
14682
14314
15210
14786
15067
14907
14981
14727
14898
14562
14971
14204
14696
15176
14737
14979
14676
14764
14417
14582
14614
14736
14678
14984
14610
14676
14418
14502
14985
14535
14434
14581
14565
14869
14595
14769
14866
14689
14257
14647
14769
14806
14496
14645
14726
14089
14980
14106
15460
15127
14664
14664
14849
14683
14589
14810
14703
14767
14384
14317
14436
14546
14604
14907
14304
14932
14459
14115
15000
14791
15000
14589
14206
14594
15037
14527
14503
14656
14475
14709
14788
14135
14922
15002
14791
13853
14550
14706
14951
14935
14901
15122
14862
14826
14593
14720
14688
14803
14379
14878
14535
14601
14494
14819
14683
14895
14861
14258
14162
15156
14471
13804
14794
14712
14591
14527
14837
14381
14645
14669
14636
14154
14371
14688
15098
14604
14802
14416
14777
14233
14535
14623
14459
14402
14731
14705
14773
14458
14536
14961
14337
14740
14917
14908
14616
15455
14702
14655
14916
15044
14822
14980
14820
15028
14484
14705
14754
14677
14866
15508
14850
14645
14714
14754
14882
14564
14320
14580
14758
14474
14585
14924
14599
14716
14801
14242
14993
14692
14535
13833
13774
14571
14701
14496
14565
14159
14748
14638
14109
14609
14444
14883
14370
14214
14651
14526
14681
14198
14477
14821
16170
14492
14682
14596
14797
15212
14444
14471
14749
14300
14802
14445
14451
14330
13201
14435
14687
14227
14658
14727
15015
14704
15027
14701
14708
14408
14465
14750
14326
14810
14996
15568
14540
14901
13746
14782
15326
14569
14814
14488
14595
15167
14710
14330
14765
14896
14838
14489
14839
14771
14564
15048
14398
13871
14646
14636
14529
14745
14724
14752
14789
14801
15104
14520
15136
14461
14918
14658
14402
14120
14567
14591
14593
14429
14004
14406
14726
15215
14430
14422
14650
14917
14795
14413
14068
14382
14830
14773
14438
14262
14344
14471
14471
14122
14603
14379
14955
14745
14533
14615
14769
14871
14648
14297
14397
14508
14769
14756
14661
14924
14383
14625
14388
14790
14331
14677
14864
14351
14686
14677
14178
14082
14852
14193
14368
14400
14372
14684
14377
14707
14384
13911
14618
14654
14449
14390
14679
14524
15052
14824
14639
14861
14205
14195
14992
14690
14614
14871
14891
14501
14486
14989
14491
14685
14690
15130
14746
14644
14915
13843
14503
14240
15384
14456
14538
13805
14743
14422
14851
14322
14579
14516
14503
14464
14328
13980
14514
14438
14945
14703
14568
14551
14701
14588
14386
14695
14802
14835
14521
14402
14416
14483
14776
14678
15004
14673
14605
15087
14950
14439
14876
14667
14313
14609
14480
14274
14794
14543
14711
15356
14731
14439
14605
15636
14576
14672
13328
14614
14436
14378
14253
14716
14631
14302
14098
13986
14562
14557
14820
14431
13991
14490
14966
14808
14793
14498
15676
14715
13881
14380
14716
14543
14691
14455
16235
14726
14829
14739
14970
14467
14827
14756
14673
15108
14282
14396
14493
14638
14702
14422
15457
14506
14894
14919
14341
14063
14783
14971
14810
14121
14581
14641
14256
14589
14841
14399
14420
14895
14945
14101
14943
14401
14846
15168
14540
14711
14757
14489
12834
14463
14869
14591
14137
14262
14967
14291
14459
14442
14311
14506
14819
14312
14137
14375
14472
14973
14487
14663
14740
14173
14449
14635
14637
14584
14445
14643
14309
15071
14574
14611
14236
14008
14482
14311
14507
14675
14463
14573
13921
14236
14750
14367
14774
13640
14204
14493
14470
14642
14482
14559
14541
14555
14672
13969
14509
14490
14605
14768
14482
14959
14616
14911
14981
14535
14643
14501
14717
14182
14736
14792
14796
14758
14668
14182
14430
14760
14877
14511
14453
14885
14797
14870
14962
14790
14593
14799
14417
14744
14694
14751
14606
14900
13505
14185
15789
14721
14683
14548
14568
14899
14838
14701
14914
14499
14616
14548
14583
13550
14455
14462
14643
15331
14489
15041
14693
14510
15118
14306
14829
14830
14271
14761
14686
14877
14611
13872
14152
14585
14360
14677
14413
14961
14579
14773
14493
14526
14618
14582
14949
14667
15031
15066
14522
14474
14328
14663
14179
13873
14823
14429
14781
14529
14398
14844
14945
14429
14697
14190
13772
14243
14241
14657
14629
13974
14676
14393
14413
14580
14594
14333
14457
14291
14627
14855
14845
14726
14945
14754
14498
14600
14645
15021
14677
14863
14659
14830
14576
14817
14648
14423
14492
14220
13967
14657
14895
14321
14830
14223
14878
14596
14661
14465
14672
14618
15745
14722
14415
14674
14377
15112
14709
14645
14938
14639
14414
14605
14439
14657
14649
14497
14550
14518
14998
13261
14744
15137
15168
14649
14391
14230
14625
14649
14501
14472
14340
14922
14315
14628
14694
14531
14657
14358
14300
14799
14719
14192
14264
14592
14264
14144
14280
14441
14838
14376
14418
14290
14229
14725
14924
13916
14271
15153
14350
14280
14199
14161
14406
13932
14411
14681
14034
14371
15474
14462
13789
14200
14714
14180
14497
14133
13979
14431
14717
14003
14736
14977
13695
14368
14330
14728
14921
14559
14484
14560
14815
14335
14568
14368
14709
14500
14751
14507
15315
14721
14704
14459
14669
14566
14563
14518
14031
14403
14512
13938
14610
14173
14750
14788
14628
14681
14224
14621
14173
14464
14599
14641
14504
14590
14538
14426
14641
14554
14355
14240
14816
14598
14255
14618
14032
14916
14797
14219
14490
14262
14579
14500
14728
14433
14315
14755
14317
14763
14484
14436
14219
14557
14017
14190
14607
14442
14731
13737
14504
14268
13662
14610
14803
14448
15160
14989
14885
14185
14833
14757
14474
14972
14876
14504
14816
14827
14279
14690
14550
14961
14717
14201
14362
14533
14531
14387
13376
14480
14222
14488
14663
14512
14808
14897
14553
14404
14174
14359
14733
14615
14836
14484
14250
14776
14580
14688
14550
14527
14383
14905
14418
15182
14760
14224
14593
14504
14723
14678
14517
14300
14502
14492
14483
15085
14629
14267
14454
14550
14585
14791
14514
14594
15392
14487
14764
14634
14381
14319
14218
14567
14586
14573
14479
14826
14201
14467
14932
14129
14487
14432
14749
14460
14536
14523
14670
14375
14324
14535
13972
14579
14475
14548
14467
14568
14347
14719
14030
14601
14538
14938
14458
14858
14877
14556
14702
14732
14826
14419
14476
14536
14757
15306
14941
14746
14400
13722
14787
14573
14924
14546
14367
14622
14096
14261
14394
14534
14446
14229
14231
14685
14402
14948
14801
14467
14274
14168
14370
14562
14460
14455
14183
14007
14440
14716
13903
14496
14432
13770
14604
14740
14536
14417
14390
14525
14451
14641
14599
14459
14802
14643
14347
13105
14458
14356
14598
14194
15229
14436
14694
14840
22479
14631
14594
15073
14696
14495
14494
15007
14641
14608
14465
14819
14536
14700
14467
14460
14894
14687
14650
14816
14566
14780
14756
14651
14807
14681
14809
14562
14699
14786
14825
14707
14528
14579
