110418,152256.802,48.3582716667,-4.566295,endLine
110418,152257.802,48.358275,-4.56629666667,endLine
110418,152258.801,48.35828,-4.56629833333,endLine
110418,152259.801,48.3582933333,-4.56630833333,endLine
110418,152300.802,48.35828,-4.56629333333,endLine
110418,152301.802,48.3582833333,-4.56628666667,endLine
110418,152302.802,48.35829,-4.56629333333,endLine
110418,152303.802,48.3582883333,-4.566295,endLine
110418,152304.802,48.3582916667,-4.566305,endLine
110418,152305.802,48.3582916667,-4.56631333333,endLine
110418,152306.802,48.3582966667,-4.56633166667,endLine
110418,152307.802,48.3583,-4.566335,endLine
110418,152308.802,48.35831,-4.56634666667,endLine
110418,152309.802,48.3583233333,-4.56635333333,endLine
110418,152310.802,48.3583316667,-4.56635833333,endLine
110418,152311.802,48.3583316667,-4.566345,endLine
110418,152312.802,48.3583333333,-4.56633666667,endLine
110418,152313.802,48.3583316667,-4.56631833333,endLine
110418,152314.802,48.3583233333,-4.56630333333,endLine
110418,152315.802,48.3583166667,-4.56628833333,endLine
110418,152316.802,48.3583083333,-4.56627166667,endLine
110418,152317.802,48.3583083333,-4.56626666667,endLine
110418,152318.802,48.3583116667,-4.56626,endLine
110418,152319.802,48.3583083333,-4.56625333333,endLine
110418,152320.802,48.35831,-4.566255,endLine
110418,152321.802,48.35831,-4.56625,endLine
110418,152322.802,48.3583066667,-4.56624,endLine
110418,152323.802,48.358305,-4.56623333333,endLine
110418,152324.802,48.3583,-4.566235,endLine
110418,152325.801,48.3582966667,-4.56623333333,endLine
110418,152326.801,48.3582833333,-4.56622833333,endLine
110418,152327.801,48.3582783333,-4.56623333333,endLine
110418,152328.801,48.358275,-4.56623833333,endLine
110418,152329.801,48.3582733333,-4.56623666667,endLine
110418,152330.801,48.35825,-4.56621666667,endLine
110418,152331.801,48.35823,-4.5662,endLine
110418,152332.801,48.3582033333,-4.566185,endLine
110418,152333.801,48.3581766667,-4.56616333333,endLine
110418,152334.801,48.358145,-4.566145,endLine
110418,152335.801,48.3581166667,-4.56613166667,endLine
110418,152336.801,48.358095,-4.56612833333,endLine
110418,152337.801,48.35806,-4.56612,endLine
110418,152338.801,48.3580216667,-4.56612,endLine
110418,152339.801,48.35799,-4.56610833333,endLine
110418,152340.801,48.357925,-4.566065,endLine
110418,152341.801,48.3578883333,-4.56604333333,endLine
110418,152342.801,48.3578716667,-4.566045,endLine
110418,152343.802,48.35786,-4.566045,endLine
110418,152344.802,48.357855,-4.56603666667,endLine
110418,152345.802,48.3578516667,-4.56602666667,endLine
110418,152347.000,48.35784,-4.566015,endLine
110418,152348.000,48.357825,-4.56600666667,endLine
110418,152349.000,48.3578133333,-4.56600833333,endLine
110418,152350.000,48.3578083333,-4.56601666667,endLine
110418,152351.000,48.3578,-4.56601666667,endLine
110418,152352.000,48.3577983333,-4.56601666667,endLine
110418,152353.000,48.3577933333,-4.56600833333,endLine
110418,152354.000,48.3577833333,-4.56599666667,endLine
110418,152355.000,48.3577783333,-4.56598666667,endLine
110418,152356.000,48.3577666667,-4.56597333333,endLine
110418,152357.000,48.35776,-4.56596333333,endLine
110418,152358.000,48.3577433333,-4.565955,endLine
110418,152359.000,48.3577316667,-4.565945,endLine
110418,152400.000,48.3577316667,-4.56594,endLine
110418,152401.000,48.357705,-4.56591,endLine
110418,152402.000,48.357685,-4.56589833333,endLine
110418,152403.000,48.357675,-4.56589333333,endLine
110418,152404.000,48.35767,-4.565905,endLine
110418,152405.000,48.3576683333,-4.56589333333,endLine
110418,152406.000,48.35767,-4.56588333333,endLine
110418,152407.000,48.3576716667,-4.56587166667,endLine
110418,152408.000,48.3576716667,-4.56586833333,endLine
110418,152409.000,48.3576833333,-4.565885,endLine
110418,152410.000,48.3577066667,-4.56590166667,endLine
110418,152411.000,48.357715,-4.56590666667,endLine
110418,152412.000,48.3577183333,-4.56591166667,endLine
110418,152413.000,48.3577216667,-4.56591833333,endLine
110418,152414.000,48.35772,-4.565915,endLine
110418,152415.000,48.35772,-4.565915,endLine
110418,152416.000,48.35772,-4.565915,endLine
110418,152417.000,48.35772,-4.565915,endLine
110418,152418.000,48.35772,-4.565915,endLine
110418,152419.000,48.3577233333,-4.565915,endLine
110418,152420.000,48.3577266667,-4.56591833333,endLine
110418,152421.000,48.35773,-4.56592,endLine
110418,152422.000,48.357735,-4.56592333333,endLine
110418,152423.000,48.3577383333,-4.565925,endLine
110418,152424.000,48.35775,-4.56593666667,endLine
110418,152425.000,48.3577616667,-4.56594833333,endLine
110418,152426.000,48.3577716667,-4.56596,endLine
110418,152427.000,48.3577816667,-4.56597666667,endLine
110418,152428.000,48.3577883333,-4.56598666667,endLine
110418,152429.000,48.3577933333,-4.566,endLine
110418,152430.000,48.357795,-4.56601,endLine
110418,152431.000,48.3577983333,-4.566015,endLine
110418,152432.000,48.3578033333,-4.56601333333,endLine
110418,152433.000,48.3578083333,-4.56601,endLine
110418,152434.000,48.35781,-4.56600833333,endLine
110418,152435.000,48.3578233333,-4.56601166667,endLine
110418,152436.000,48.35783,-4.56601166667,endLine
110418,152437.000,48.357835,-4.56600833333,endLine
110418,152438.000,48.357835,-4.56600166667,endLine
110418,152439.000,48.3578433333,-4.56600333333,endLine
110418,152440.000,48.3578466667,-4.56600333333,endLine
110418,152441.000,48.35784,-4.566,endLine
110418,152442.000,48.3578366667,-4.56599833333,endLine
110418,152443.000,48.35783,-4.56599333333,endLine
110418,152444.000,48.3578283333,-4.56599,endLine
110418,152445.000,48.35782,-4.56597833333,endLine
110418,152446.000,48.3578066667,-4.56597166667,endLine
110418,152447.000,48.3578,-4.56596833333,endLine
110418,152448.000,48.3577983333,-4.56596833333,endLine
110418,152449.000,48.357795,-4.56595833333,endLine
110418,152450.000,48.3577966667,-4.56595833333,endLine
110418,152451.000,48.3578016667,-4.56595666667,endLine
110418,152452.000,48.357815,-4.565955,endLine
110418,152453.000,48.35782,-4.56595833333,endLine
110418,152454.000,48.3578166667,-4.56595666667,endLine
110418,152455.000,48.3578066667,-4.56595,endLine
110418,152456.000,48.3578,-4.56594166667,endLine
110418,152457.000,48.3578216667,-4.56595333333,endLine
110418,152458.000,48.3578333333,-4.56596333333,endLine
110418,152459.000,48.357845,-4.56597333333,endLine
110418,152500.000,48.357845,-4.565975,endLine
110418,152501.000,48.3578416667,-4.56597166667,endLine
110418,152502.000,48.357845,-4.56597833333,endLine
110418,152503.000,48.3578533333,-4.56598833333,endLine
110418,152504.000,48.3578666667,-4.56600333333,endLine
110418,152505.000,48.3578716667,-4.566005,endLine
110418,152506.000,48.35787,-4.565995,endLine
110418,152507.000,48.35787,-4.56598666667,endLine
110418,152508.000,48.35788,-4.56599166667,endLine
110418,152509.000,48.35788,-4.56599333333,endLine
110418,152510.000,48.35788,-4.56599833333,endLine
110418,152511.000,48.3578916667,-4.56600833333,endLine
110418,152512.000,48.3578916667,-4.56600666667,endLine
110418,152513.000,48.3578933333,-4.56601,endLine
110418,152514.000,48.3578933333,-4.56601333333,endLine
110418,152515.000,48.35789,-4.56600666667,endLine
110418,152516.000,48.357885,-4.56600333333,endLine
110418,152517.000,48.3578816667,-4.566,endLine
110418,152518.000,48.357875,-4.56599166667,endLine
110418,152519.000,48.3578666667,-4.56598833333,endLine
110418,152520.000,48.357865,-4.56598833333,endLine
110418,152521.000,48.3578666667,-4.56598833333,endLine
110418,152522.000,48.3578633333,-4.56598833333,endLine
110418,152523.000,48.357865,-4.565985,endLine
110418,152524.000,48.357865,-4.56597833333,endLine
110418,152525.000,48.3578583333,-4.565965,endLine
110418,152526.000,48.357855,-4.565965,endLine
110418,152527.000,48.357855,-4.56596833333,endLine
110418,152528.000,48.357845,-4.56596833333,endLine
110418,152529.000,48.3578333333,-4.56596333333,endLine
110418,152530.000,48.3578266667,-4.56596333333,endLine
110418,152531.000,48.357825,-4.56596166667,endLine
110418,152532.000,48.3578166667,-4.565955,endLine
110418,152533.000,48.3578083333,-4.565945,endLine
110418,152534.000,48.3577983333,-4.56593333333,endLine
110418,152535.000,48.3577833333,-4.56592166667,endLine
110418,152536.000,48.3577766667,-4.565915,endLine
110418,152537.000,48.3577733333,-4.56590333333,endLine
110418,152538.000,48.357765,-4.565895,endLine
110418,152539.000,48.3577583333,-4.56589333333,endLine
110418,152540.000,48.35775,-4.56589666667,endLine
110418,152541.000,48.3577483333,-4.56589666667,endLine
110418,152542.000,48.3577383333,-4.56589166667,endLine
110418,152543.000,48.357735,-4.56589833333,endLine
110418,152544.000,48.3577433333,-4.56591166667,endLine
110418,152545.000,48.3577433333,-4.56590833333,endLine
110418,152546.000,48.3577466667,-4.56591166667,endLine
110418,152547.000,48.357755,-4.56591666667,endLine
110418,152548.000,48.357755,-4.56591333333,endLine
110418,152549.000,48.357765,-4.56591666667,endLine
110418,152550.000,48.35777,-4.56591333333,endLine
110418,152551.000,48.357775,-4.56591666667,endLine
110418,152552.000,48.357785,-4.565925,endLine
110418,152553.000,48.357785,-4.56593166667,endLine
110418,152554.000,48.3577766667,-4.565945,endLine
110418,152555.000,48.3577966667,-4.56597,endLine
110418,152556.000,48.3578066667,-4.56598166667,endLine
110418,152557.000,48.357805,-4.56598333333,endLine
110418,152558.000,48.3578166667,-4.56599666667,endLine
110418,152559.000,48.357825,-4.56601166667,endLine
110418,152600.000,48.3578283333,-4.566005,endLine
110418,152601.000,48.3578316667,-4.56601,endLine
110418,152602.000,48.3578383333,-4.56601833333,endLine
110418,152603.000,48.3578366667,-4.56601833333,endLine
110418,152604.000,48.3578266667,-4.566015,endLine
110418,152605.000,48.35781,-4.56600666667,endLine
110418,152606.000,48.3577933333,-4.56600166667,endLine
110418,152607.000,48.3577766667,-4.56599666667,endLine
110418,152608.000,48.3577616667,-4.56600333333,endLine
110418,152606.000,48.3577416667,-4.56601166667,endLine
110418,152607.000,48.3577266667,-4.56601666667,endLine
110418,152608.000,48.35771,-4.56601833333,endLine
110418,152609.000,48.3576983333,-4.56602666667,endLine
110418,152610.000,48.3576933333,-4.56603166667,endLine
110418,152611.000,48.357695,-4.56603833333,endLine
110418,152612.000,48.3576933333,-4.56604666667,endLine
110418,152613.000,48.3576883333,-4.56604666667,endLine
110418,152614.000,48.3576883333,-4.56605,endLine
110418,152615.000,48.3576833333,-4.56604666667,endLine
110418,152616.000,48.35768,-4.56604,endLine
110418,152617.000,48.357675,-4.56603166667,endLine
110418,152618.000,48.3576783333,-4.56602666667,endLine
110418,152619.000,48.3576833333,-4.566025,endLine
110418,152620.000,48.3576833333,-4.56602666667,endLine
110418,152621.000,48.3576833333,-4.56602666667,endLine
110418,152622.000,48.3576833333,-4.56602666667,endLine
110418,152623.000,48.3576833333,-4.56602666667,endLine
110418,152624.000,48.3576833333,-4.56602666667,endLine
110418,152625.000,48.3576833333,-4.56602666667,endLine
110418,152626.000,48.3576833333,-4.56602666667,endLine
110418,152627.000,48.3576833333,-4.56602666667,endLine
110418,152628.000,48.3576833333,-4.56602666667,endLine
110418,152629.000,48.3576833333,-4.56602666667,endLine
110418,152630.000,48.3576833333,-4.56602666667,endLine
110418,152631.000,48.3576833333,-4.56602666667,endLine
110418,152632.000,48.3576833333,-4.56602666667,endLine
110418,152633.000,48.3576833333,-4.56602666667,endLine
110418,152634.000,48.3576833333,-4.56602666667,endLine
110418,152635.000,48.3576833333,-4.56602666667,endLine
110418,152636.000,48.3576833333,-4.56602666667,endLine
110418,152637.000,48.3576833333,-4.56602666667,endLine
110418,152638.000,48.357685,-4.56602666667,endLine
110418,152639.000,48.357685,-4.566025,endLine
110418,152640.000,48.35768,-4.56601833333,endLine
110418,152641.000,48.3576733333,-4.56601,endLine
110418,152642.000,48.3576666667,-4.566005,endLine
110418,152643.000,48.35766,-4.56600333333,endLine
110418,152644.000,48.3576533333,-4.56600166667,endLine
110418,152645.000,48.357645,-4.56599833333,endLine
110418,152646.000,48.357635,-4.56599666667,endLine
110418,152647.000,48.3576316667,-4.56599666667,endLine
110418,152648.000,48.357625,-4.56598666667,endLine
110418,152649.000,48.3576216667,-4.56597166667,endLine
110418,152650.000,48.35763,-4.56595333333,endLine
110418,152651.000,48.3576433333,-4.565925,endLine
110418,152652.000,48.357655,-4.56587166667,endLine
110418,152653.000,48.357685,-4.56580666667,endLine
110418,152654.000,48.35772,-4.56572166667,endLine
110418,152655.000,48.35775,-4.56563333333,endLine
110418,152656.000,48.3577783333,-4.56554,endLine
110418,152657.000,48.357815,-4.56544666667,endLine
110418,152658.000,48.3578583333,-4.56534333333,endLine
110418,152659.000,48.3579216667,-4.56521666667,endLine
110418,152700.000,48.3579783333,-4.56508666667,endLine
110418,152701.000,48.358035,-4.564955,endLine
110418,152702.000,48.35809,-4.56482166667,endLine
110418,152703.000,48.3581483333,-4.56468833333,endLine
110418,152704.000,48.3582066667,-4.564555,endLine
110418,152705.000,48.3582666667,-4.56442166667,endLine
110418,152706.000,48.358325,-4.56429,endLine
110418,152707.000,48.3583816667,-4.56416333333,endLine
110418,152708.000,48.3584316667,-4.56404666667,endLine
110418,152709.000,48.3584783333,-4.56394166667,endLine
110418,152710.000,48.3585183333,-4.563845,endLine
110418,152711.000,48.3585566667,-4.56375666667,endLine
110418,152712.000,48.3585916667,-4.56367,endLine
110418,152713.000,48.358625,-4.56359333333,endLine
110418,152714.000,48.3586566667,-4.56353166667,endLine
110418,152715.000,48.3586783333,-4.56348666667,endLine
110418,152716.000,48.3586966667,-4.563455,endLine
110418,152717.000,48.358725,-4.56344666667,endLine
110418,152718.000,48.3587816667,-4.56347666667,endLine
110418,152719.000,48.3588433333,-4.56352833333,endLine
110418,152720.000,48.3589016667,-4.56359666667,endLine
110418,152721.000,48.3589666667,-4.56367833333,endLine
110418,152722.000,48.3590333333,-4.56378333333,endLine
110418,152723.000,48.3591,-4.56388,endLine
110418,152724.000,48.3591716667,-4.56397166667,endLine
110418,152725.000,48.3592466667,-4.56404666667,endLine
110418,152726.000,48.3593216667,-4.56410666667,endLine
110418,152727.000,48.3593983333,-4.56415833333,endLine
110418,152728.000,48.3594816667,-4.5642,endLine
110418,152729.000,48.3595766667,-4.56423333333,endLine
110418,152730.000,48.359675,-4.564255,endLine
110418,152731.000,48.3597783333,-4.56427833333,endLine
110418,152732.000,48.35988,-4.56429666667,endLine
110418,152733.000,48.3599833333,-4.56431166667,endLine
110418,152734.000,48.3600883333,-4.56432833333,endLine
110418,152735.000,48.3601983333,-4.56434166667,endLine
110418,152736.000,48.3603083333,-4.56435666667,endLine
110418,152737.000,48.3604133333,-4.56437333333,endLine
110418,152738.000,48.3605116667,-4.56439,endLine
110418,152739.000,48.3606083333,-4.56440166667,endLine
110418,152740.000,48.3607016667,-4.564415,endLine
110418,152741.000,48.3607883333,-4.56442333333,endLine
110418,152742.000,48.360865,-4.56443166667,endLine
110418,152743.000,48.36095,-4.564455,endLine
110418,152744.000,48.3610283333,-4.56451333333,endLine
110418,152745.000,48.361085,-4.56461333333,endLine
110418,152746.000,48.3611283333,-4.56473833333,endLine
110418,152747.000,48.36114,-4.564885,endLine
110418,152748.000,48.3611116667,-4.56504833333,endLine
110418,152749.000,48.3610866667,-4.56522166667,endLine
110418,152750.000,48.3610733333,-4.56538833333,endLine
110418,152751.000,48.36106,-4.565545,endLine
110418,152752.000,48.3610533333,-4.5657,endLine
110418,152753.000,48.3610466667,-4.565855,endLine
110418,152754.000,48.3610483333,-4.56600666667,endLine
110418,152755.000,48.3610433333,-4.56615333333,endLine
110418,152756.000,48.361025,-4.566295,endLine
110418,152757.000,48.360995,-4.566435,endLine
110418,152758.000,48.36097,-4.56657,endLine
110418,152759.000,48.36095,-4.56672,endLine
110418,152800.000,48.3609366667,-4.56687333333,endLine
110418,152801.000,48.3609233333,-4.56703666667,endLine
110418,152802.000,48.3609133333,-4.56720666667,endLine
110418,152803.000,48.3609,-4.56738333333,endLine
110418,152804.000,48.3608883333,-4.56756333333,endLine
110418,152805.000,48.3608716667,-4.56774166667,endLine
110418,152806.000,48.360855,-4.56791333333,endLine
110418,152807.000,48.3607966667,-4.56809,endLine
110418,152808.000,48.360765,-4.568245,endLine
110418,152809.000,48.3607216667,-4.56839666667,endLine
110418,152810.000,48.36068,-4.568535,endLine
110418,152811.000,48.3606433333,-4.56866,endLine
110418,152812.000,48.3606116667,-4.56878,endLine
110418,152813.000,48.3605766667,-4.56890333333,endLine
110418,152814.000,48.3605383333,-4.56904166667,endLine
110418,152815.000,48.3604916667,-4.56919166667,endLine
110418,152816.000,48.36044,-4.56934333333,endLine
110418,152817.000,48.3603966667,-4.56949833333,endLine
110418,152818.000,48.36035,-4.569645,endLine
110418,152819.000,48.360305,-4.56978666667,endLine
110418,152820.000,48.3602716667,-4.56992166667,endLine
110418,152821.000,48.36024,-4.57004,endLine
110418,152822.000,48.3602083333,-4.57014333333,endLine
110418,152823.000,48.3602066667,-4.570225,endLine
110418,152824.000,48.3602316667,-4.57030166667,endLine
110418,152825.000,48.3602816667,-4.57039166667,endLine
110418,152826.000,48.3603266667,-4.57048333333,endLine
110418,152827.000,48.36035,-4.57059333333,endLine
110418,152828.000,48.3603433333,-4.57071333333,endLine
110418,152829.000,48.36033,-4.57083666667,endLine
110418,152830.000,48.3603283333,-4.57097166667,endLine
110418,152831.000,48.360335,-4.57111333333,endLine
110418,152832.000,48.3603416667,-4.57127166667,endLine
110418,152833.000,48.36035,-4.57143833333,endLine
110418,152834.000,48.3603616667,-4.57161166667,endLine
110418,152835.000,48.360375,-4.57179,endLine
110418,152836.000,48.360395,-4.57198,endLine
110418,152837.000,48.3604133333,-4.57218,endLine
110418,152838.000,48.3604316667,-4.57238666667,endLine
110418,152839.000,48.36045,-4.57259666667,endLine
110418,152840.000,48.3604666667,-4.57280666667,endLine
110418,152841.000,48.360495,-4.57302166667,endLine
110418,152842.000,48.3605183333,-4.57323333333,endLine
110418,152843.000,48.360535,-4.57344333333,endLine
110418,152844.000,48.3605483333,-4.57365333333,endLine
110418,152845.000,48.360555,-4.57386333333,endLine
110418,152846.000,48.3605566667,-4.57408,endLine
110418,152847.000,48.3605533333,-4.57429333333,endLine
110418,152848.000,48.3605216667,-4.57449333333,endLine
110418,152849.000,48.36049,-4.57470333333,endLine
110418,152850.000,48.3604483333,-4.57490833333,endLine
110418,152851.000,48.360415,-4.57511833333,endLine
110418,152852.000,48.360375,-4.57532333333,endLine
110418,152853.000,48.360335,-4.57552666667,endLine
110418,152854.000,48.36029,-4.575725,endLine
110418,152855.000,48.3602483333,-4.575925,endLine
110418,152856.000,48.3602083333,-4.57613,endLine
110418,152857.000,48.36018,-4.57633333333,endLine
110418,152858.000,48.360165,-4.57653833333,endLine
110418,152859.000,48.3601666667,-4.57674333333,endLine
110418,152900.000,48.3601866667,-4.57694666667,endLine
110418,152901.000,48.3602133333,-4.57714666667,endLine
110418,152902.000,48.3602516667,-4.577345,endLine
110418,152903.000,48.360295,-4.57754166667,endLine
110418,152904.000,48.3603383333,-4.57774166667,endLine
110418,152905.000,48.3603833333,-4.57794333333,endLine
110418,152906.000,48.3604283333,-4.578145,endLine
110418,152907.000,48.3604733333,-4.578345,endLine
110418,152908.000,48.3605166667,-4.57854333333,endLine
110418,152909.000,48.36056,-4.57874,endLine
110418,152910.000,48.3606033333,-4.578935,endLine
110418,152911.000,48.3606466667,-4.57912666667,endLine
110418,152912.000,48.3606916667,-4.57931833333,endLine
110418,152913.000,48.36074,-4.57950333333,endLine
110418,152914.000,48.3607966667,-4.57968333333,endLine
110418,152915.000,48.3608583333,-4.57985666667,endLine
110418,152916.000,48.3609266667,-4.580025,endLine
110418,152917.000,48.3609983333,-4.58019166667,endLine
110418,152918.000,48.3610666667,-4.580355,endLine
110418,152919.000,48.3611366667,-4.58051833333,endLine
110418,152920.000,48.3612216667,-4.58068166667,endLine
110418,152921.000,48.3613033333,-4.58084666667,endLine
110418,152922.000,48.3613833333,-4.58101,endLine
110418,152923.000,48.3614616667,-4.581175,endLine
110418,152924.000,48.3615366667,-4.58133666667,endLine
110418,152925.000,48.361615,-4.58149666667,endLine
110418,152926.000,48.3616983333,-4.58165666667,endLine
110418,152927.000,48.3617816667,-4.58181666667,endLine
110418,152928.000,48.3618633333,-4.58198,endLine
110418,152929.000,48.3619433333,-4.58214666667,endLine
110418,152930.000,48.3620216667,-4.582315,endLine
110418,152931.000,48.3620933333,-4.58248333333,endLine
110418,152932.000,48.3621666667,-4.58265,endLine
110418,152933.000,48.3622333333,-4.58281166667,endLine
110418,152934.000,48.36229,-4.582965,endLine
110418,152935.000,48.36235,-4.58310833333,endLine
110418,152936.000,48.3624066667,-4.58324166667,endLine
110418,152937.000,48.3624566667,-4.58336833333,endLine
110418,152938.000,48.362505,-4.58349,endLine
110418,152939.000,48.36255,-4.58360666667,endLine
110418,152940.000,48.3625983333,-4.58371333333,endLine
110418,152941.000,48.3626433333,-4.58382166667,endLine
110418,152942.000,48.3626766667,-4.58393833333,endLine
110418,152943.000,48.362715,-4.58405333333,endLine
110418,152944.000,48.3627566667,-4.58416166667,endLine
110418,152945.000,48.3627983333,-4.584265,endLine
110418,152946.000,48.3628433333,-4.58436833333,endLine
110418,152947.000,48.36288,-4.58446166667,endLine
110418,152948.000,48.36291,-4.58454333333,endLine
110418,152949.000,48.3629383333,-4.58461,endLine
110418,152950.000,48.3629683333,-4.584665,endLine
110418,152951.000,48.3630333333,-4.5847,endLine
110418,152952.000,48.3631016667,-4.584735,endLine
110418,152953.000,48.3631916667,-4.58477166667,endLine
110418,152954.000,48.363295,-4.58481,endLine
110418,152955.000,48.36341,-4.584845,endLine
110418,152956.000,48.3635283333,-4.58487,endLine
110418,152957.000,48.3636366667,-4.58486833333,endLine
110418,152958.000,48.3637483333,-4.58484666667,endLine
110418,152959.000,48.363875,-4.584805,endLine
110418,153000.000,48.36399,-4.58475333333,endLine
110418,153001.000,48.3641033333,-4.584695,endLine
110418,153002.000,48.36422,-4.58464166667,endLine
110418,153003.000,48.3643433333,-4.584595,endLine
110418,153004.000,48.364475,-4.58455833333,endLine
110418,153005.000,48.3646,-4.58453333333,endLine
110418,153006.000,48.3647233333,-4.584525,endLine
110418,153007.000,48.3648483333,-4.58453166667,endLine
110418,153008.000,48.36498,-4.58455,endLine
110418,153009.000,48.3651183333,-4.58457333333,endLine
110418,153010.000,48.3652633333,-4.5846,endLine
110418,153011.000,48.365415,-4.584635,endLine
110418,153012.000,48.3655633333,-4.58468,endLine
110418,153013.000,48.3656866667,-4.58475833333,endLine
110418,153014.000,48.365835,-4.584845,endLine
110418,153015.000,48.3659616667,-4.584935,endLine
110418,153016.000,48.3660516667,-4.58503,endLine
110418,153017.000,48.3661433333,-4.58512166667,endLine
110418,153018.000,48.3662333333,-4.58521166667,endLine
110418,153019.000,48.3663316667,-4.58529833333,endLine
110418,153020.000,48.3664333333,-4.585385,endLine
110418,153021.000,48.3665233333,-4.58548,endLine
110418,153022.000,48.3666,-4.58558666667,endLine
110418,153023.000,48.36669,-4.58569833333,endLine
110418,153024.000,48.3667783333,-4.585815,endLine
110418,153025.000,48.3668566667,-4.58594,endLine
110418,153026.000,48.366925,-4.58606666667,endLine
110418,153027.000,48.3669866667,-4.58618833333,endLine
110418,153028.000,48.367045,-4.586305,endLine
110418,153029.000,48.3671033333,-4.58641666667,endLine
110418,153030.000,48.3671416667,-4.58651833333,endLine
110418,153031.000,48.3671783333,-4.58661,endLine
110418,153032.000,48.3672183333,-4.58669666667,endLine
110418,153033.000,48.3672516667,-4.58678,endLine
110418,153034.000,48.3672833333,-4.58686,endLine
110418,153035.000,48.3673216667,-4.586935,endLine
110418,153036.000,48.3673616667,-4.58699833333,endLine
110418,153037.000,48.3673966667,-4.58705166667,endLine
110418,153038.000,48.3674316667,-4.58709833333,endLine
110418,153039.000,48.3674633333,-4.58713833333,endLine
110418,153040.000,48.36749,-4.587175,endLine
110418,153041.000,48.3675183333,-4.58720833333,endLine
110418,153042.000,48.3675466667,-4.58724166667,endLine
110418,153043.000,48.3675733333,-4.58727166667,endLine
110418,153044.000,48.3675916667,-4.58729333333,endLine
110418,153045.000,48.3676016667,-4.58730833333,endLine
110418,153046.000,48.3676166667,-4.58732166667,endLine
110418,153047.000,48.367625,-4.58733,endLine
110418,153048.000,48.367625,-4.58733,endLine
110418,153049.000,48.367625,-4.58733,endLine
110418,153050.000,48.367625,-4.58733,endLine
110418,153051.000,48.367625,-4.58733,endLine
110418,153052.000,48.3676266667,-4.58733,endLine
110418,153053.000,48.3676266667,-4.58733,endLine
110418,153054.000,48.3676266667,-4.58733,endLine
110418,153055.000,48.3676266667,-4.58733,endLine
110418,153056.000,48.3676283333,-4.58733,endLine
110418,153057.000,48.36763,-4.58733,endLine
110418,153058.000,48.36763,-4.58733,endLine
110418,153059.000,48.36763,-4.58733,endLine
110418,153100.000,48.36763,-4.58733,endLine
110418,153101.000,48.36763,-4.58733,endLine
110418,153102.000,48.36763,-4.58733,endLine
110418,153103.000,48.36763,-4.58733,endLine
110418,153104.000,48.36763,-4.58733,endLine
110418,153105.000,48.36763,-4.58733,endLine
110418,153106.000,48.3676333333,-4.58733333333,endLine
110418,153107.000,48.3676466667,-4.58734666667,endLine
110418,153108.000,48.3676733333,-4.58737333333,endLine
110418,153109.000,48.3677116667,-4.58741166667,endLine
110418,153110.000,48.3677516667,-4.58746166667,endLine
110418,153111.000,48.3678,-4.58751833333,endLine
110418,153112.000,48.3678616667,-4.58757833333,endLine
110418,153113.000,48.3679266667,-4.58764,endLine
110418,153114.000,48.367995,-4.58770666667,endLine
110418,153115.000,48.368065,-4.587775,endLine
110418,153116.000,48.3681316667,-4.58784,endLine
110418,153117.000,48.368195,-4.58789833333,endLine
110418,153118.000,48.368245,-4.58795333333,endLine
110418,153119.000,48.3682933333,-4.58800833333,endLine
110418,153120.000,48.3683416667,-4.58805833333,endLine
110418,153121.000,48.3683833333,-4.58810333333,endLine
110418,153122.000,48.368415,-4.58813666667,endLine
110418,153123.000,48.3684366667,-4.58816333333,endLine
110418,153124.000,48.3684533333,-4.58818166667,endLine
110418,153125.000,48.36846,-4.58819,endLine
110418,153126.000,48.36846,-4.58819,endLine
110418,153127.000,48.36846,-4.58819,endLine
110418,153128.000,48.36846,-4.58819,endLine
110418,153129.000,48.36846,-4.58819,endLine
110418,153130.000,48.3684633333,-4.58819166667,endLine
110418,153131.000,48.3684633333,-4.58819166667,endLine
110418,153132.000,48.3684633333,-4.58819166667,endLine
110418,153133.000,48.3684633333,-4.58819166667,endLine
110418,153134.000,48.3684633333,-4.58819166667,endLine
110418,153135.000,48.3684633333,-4.58819166667,endLine
110418,153136.000,48.3684683333,-4.588195,endLine
110418,153137.000,48.3684683333,-4.58819333333,endLine
110418,153138.000,48.3684683333,-4.58819333333,endLine
110418,153139.000,48.3684683333,-4.58819333333,endLine
110418,153140.000,48.3684683333,-4.58819333333,endLine
110418,153141.000,48.3684683333,-4.588195,endLine
110418,153142.000,48.36847,-4.58819666667,endLine
110418,153143.000,48.36847,-4.58819666667,endLine
110418,153144.000,48.36847,-4.58819666667,endLine
110418,153145.000,48.368475,-4.58819833333,endLine
110418,153146.000,48.368475,-4.58819833333,endLine
110418,153147.000,48.368475,-4.58819833333,endLine
110418,153148.000,48.368475,-4.58819833333,endLine
110418,153149.000,48.368475,-4.58819833333,endLine
110418,153150.000,48.368475,-4.58819833333,endLine
110418,153151.000,48.368475,-4.58819833333,endLine
110418,153152.000,48.368475,-4.58819833333,endLine
110418,153153.000,48.368475,-4.58819833333,endLine
110418,153154.000,48.36848,-4.5882,endLine
110418,153155.000,48.36848,-4.5882,endLine
110418,153156.000,48.3684866667,-4.58820166667,endLine
110418,153157.000,48.3684866667,-4.58820166667,endLine
110418,153158.000,48.3684866667,-4.58820166667,endLine
110418,153159.000,48.3684883333,-4.58820333333,endLine
110418,153200.000,48.3684883333,-4.58820333333,endLine
110418,153201.000,48.3684916667,-4.588205,endLine
110418,153202.000,48.3685016667,-4.58820833333,endLine
110418,153203.000,48.3685183333,-4.58822,endLine
110418,153204.000,48.3685416667,-4.588245,endLine
110418,153205.000,48.368575,-4.58827833333,endLine
110418,153206.000,48.3686116667,-4.58831,endLine
110418,153207.000,48.368645,-4.58833166667,endLine
110418,153208.000,48.3686783333,-4.588335,endLine
110418,153209.000,48.3687166667,-4.58831833333,endLine
110418,153210.000,48.3687583333,-4.58828666667,endLine
110418,153211.000,48.368805,-4.58824666667,endLine
110418,153212.000,48.3688566667,-4.58820333333,endLine
110418,153213.000,48.3689166667,-4.58816833333,endLine
110418,153214.000,48.3689783333,-4.58816166667,endLine
110418,153215.000,48.3690433333,-4.58818666667,endLine
110418,153216.000,48.3691016667,-4.58823,endLine
110418,153217.000,48.3691516667,-4.58827333333,endLine
110418,153218.000,48.369195,-4.58831333333,endLine
110418,153219.000,48.3692366667,-4.58834833333,endLine
110418,153220.000,48.3692733333,-4.58837833333,endLine
110418,153221.000,48.3693016667,-4.58840333333,endLine
110418,153222.000,48.3693216667,-4.588425,endLine
110418,153223.000,48.3693383333,-4.58844166667,endLine
110418,153224.000,48.3693533333,-4.58845833333,endLine
110418,153225.000,48.369375,-4.58847666667,endLine
110418,153226.000,48.3693983333,-4.5885,endLine
110418,153227.000,48.3694283333,-4.58852833333,endLine
110418,153228.000,48.3694633333,-4.58856,endLine
110418,153229.000,48.3695016667,-4.58859666667,endLine
110418,153230.000,48.3695483333,-4.588635,endLine
110418,153231.000,48.3695983333,-4.588675,endLine
110418,153232.000,48.3696566667,-4.588725,endLine
110418,153233.000,48.36972,-4.58877833333,endLine
110418,153234.000,48.369785,-4.58883333333,endLine
110418,153235.000,48.3698516667,-4.58888833333,endLine
110418,153236.000,48.3699283333,-4.58894666667,endLine
110418,153237.000,48.3700066667,-4.58900833333,endLine
110418,153238.000,48.3700833333,-4.58907166667,endLine
110418,153239.000,48.3701633333,-4.58913666667,endLine
110418,153240.000,48.37024,-4.58920333333,endLine
110418,153241.000,48.3703216667,-4.58926666667,endLine
110418,153242.000,48.3704016667,-4.58932833333,endLine
110418,153243.000,48.3704816667,-4.58938666667,endLine
110418,153244.000,48.37057,-4.589445,endLine
110418,153245.000,48.37066,-4.589505,endLine
110418,153246.000,48.370735,-4.58957,endLine
110418,153247.000,48.3708033333,-4.58963833333,endLine
110418,153248.000,48.37087,-4.58970333333,endLine
110418,153249.000,48.370925,-4.58977166667,endLine
110418,153250.000,48.370985,-4.58984,endLine
110418,153251.000,48.3710433333,-4.5899,endLine
110418,153252.000,48.3710933333,-4.589955,endLine
110418,153253.000,48.37113,-4.59000166667,endLine
110418,153254.000,48.3711583333,-4.59003833333,endLine
110418,153255.000,48.3711783333,-4.590065,endLine
110418,153256.000,48.3711916667,-4.59008166667,endLine
110418,153257.000,48.3711983333,-4.59009,endLine
110418,153258.000,48.3712016667,-4.590095,endLine
110418,153259.000,48.3712016667,-4.59009666667,endLine
110418,153300.000,48.3712016667,-4.59009666667,endLine
110418,153301.000,48.3712016667,-4.59009666667,endLine
110418,153302.000,48.3712016667,-4.59009666667,endLine
110418,153303.000,48.3712016667,-4.59009666667,endLine
110418,153304.000,48.3712016667,-4.59009666667,endLine
110418,153305.000,48.3712016667,-4.59009666667,endLine
110418,153306.000,48.3712016667,-4.59009833333,endLine
110418,153307.000,48.37121,-4.59011,endLine
110418,153308.000,48.3712266667,-4.59013333333,endLine
110418,153309.000,48.3712516667,-4.59017166667,endLine
110418,153310.000,48.3712833333,-4.590215,endLine
110418,153311.000,48.3713233333,-4.59026666667,endLine
110418,153312.000,48.3713666667,-4.590325,endLine
110418,153313.000,48.37141,-4.59038833333,endLine
110418,153314.000,48.371455,-4.590455,endLine
110418,153315.000,48.3715,-4.590525,endLine
110418,153316.000,48.3715483333,-4.59060166667,endLine
110418,153317.000,48.3716033333,-4.59068666667,endLine
110418,153318.000,48.3716566667,-4.59077666667,endLine
110418,153319.000,48.3717116667,-4.59086333333,endLine
110418,153320.000,48.371765,-4.590945,endLine
110418,153321.000,48.3718133333,-4.59101833333,endLine
110418,153322.000,48.371855,-4.59108333333,endLine
110418,153323.000,48.37189,-4.59113833333,endLine
110418,153324.000,48.371915,-4.59118333333,endLine
110418,153325.000,48.371945,-4.59122166667,endLine
110418,153326.000,48.37199,-4.59125166667,endLine
110418,153327.000,48.37206,-4.59128166667,endLine
110418,153328.000,48.37213,-4.591335,endLine
110418,153329.000,48.3721766667,-4.59141,endLine
110418,153330.000,48.3721916667,-4.59149166667,endLine
110418,153331.000,48.3722033333,-4.59158,endLine
110418,153332.000,48.372225,-4.59167833333,endLine
110418,153333.000,48.3722583333,-4.59179166667,endLine
110418,153334.000,48.3723083333,-4.59191333333,endLine
110418,153335.000,48.37237,-4.59204166667,endLine
110418,153336.000,48.37244,-4.592175,endLine
110418,153337.000,48.3725166667,-4.59231333333,endLine
110418,153338.000,48.3725966667,-4.59245333333,endLine
110418,153339.000,48.372675,-4.59259166667,endLine
110418,153340.000,48.3727533333,-4.59273333333,endLine
110418,153341.000,48.3728333333,-4.59287833333,endLine
110418,153342.000,48.3729183333,-4.59302833333,endLine
110418,153343.000,48.373005,-4.59318,endLine
110418,153344.000,48.3730966667,-4.59333333333,endLine
110418,153345.000,48.3731816667,-4.59348166667,endLine
110418,153346.000,48.3732633333,-4.593625,endLine
110418,153347.000,48.3733383333,-4.59376166667,endLine
110418,153348.000,48.3734116667,-4.593895,endLine
110418,153349.000,48.3734816667,-4.594025,endLine
110418,153350.000,48.3735483333,-4.59415,endLine
110418,153401.000,48.3742566667,-4.5953,endLine
110418,153411.000,48.37531,-4.596505,endLine
110418,153421.000,48.3764683333,-4.59740666667,endLine
110418,153431.000,48.3776483333,-4.59840166667,endLine
110418,153441.000,48.3782416667,-4.59963333333,endLine
110418,153451.000,48.37842,-4.600815,endLine
110418,153501.000,48.3788016667,-4.60282166667,endLine
110418,153516.000,48.3802033333,-4.60517,endLine
110418,153526.000,48.38121,-4.60656333333,endLine
110418,153536.000,48.3817533333,-4.60828666667,endLine
110418,153546.000,48.3821083333,-4.60937666667,endLine
110418,153601.000,48.382,-4.61162333333,endLine
110418,153606.000,48.3818566667,-4.61249166667,endLine
120418,121446.339,48.36736,-4.62591,endLine
120418,121500.338,48.3599633333,-4.57683,endLine
120418,121501.338,48.36004,-4.57688,endLine
120418,121502.338,48.3610016667,-4.57537666667,endLine
120418,121504.338,48.3600033333,-4.57681666667,endLine
120418,121505.338,48.3599133333,-4.57628833333,endLine
120418,121506.338,48.3606916667,-4.57460666667,endLine
120418,121507.338,48.36096,-4.575095,endLine
120418,121508.338,48.3608433333,-4.57465333333,endLine
120418,121509.338,48.3600266667,-4.57128333333,endLine
120418,121510.338,48.3585533333,-4.56675166667,endLine
120418,121511.338,48.3584183333,-4.56633,endLine
120418,121512.338,48.3584033333,-4.56634333333,endLine
120418,121513.338,48.358375,-4.56625166667,endLine
120418,121514.338,48.35837,-4.566235,endLine
120418,121515.338,48.3583683333,-4.56624,endLine
120418,121516.337,48.3583616667,-4.56623166667,endLine
120418,121517.338,48.3583616667,-4.56624666667,endLine
120418,121518.338,48.3583616667,-4.566265,endLine
120418,121519.338,48.358365,-4.566305,endLine
120418,121520.338,48.358365,-4.566305,endLine
120418,121521.338,48.3583683333,-4.56631833333,endLine
120418,121522.338,48.3583733333,-4.56634166667,endLine
120418,121523.336,48.3583733333,-4.56636,endLine
120418,121524.338,48.3583716667,-4.56637166667,endLine
120418,121525.338,48.358375,-4.56641333333,endLine
120418,121526.338,48.3583716667,-4.56640166667,endLine
120418,121527.338,48.3583666667,-4.566385,endLine
120418,121528.338,48.3583633333,-4.56636666667,endLine
120418,121529.338,48.35836,-4.56635166667,endLine
120418,121530.338,48.3583533333,-4.56632833333,endLine
120418,121531.338,48.3583516667,-4.56630333333,endLine
120418,121532.338,48.3583466667,-4.56628,endLine
120418,121533.338,48.3583433333,-4.56625666667,endLine
120418,121534.338,48.3583383333,-4.566225,endLine
120418,121535.338,48.3583283333,-4.566185,endLine
120418,121536.336,48.3583216667,-4.56615333333,endLine
120418,121537.338,48.358315,-4.56611,endLine
120418,121538.338,48.3583083333,-4.56606333333,endLine
120418,121539.338,48.358315,-4.56611,endLine
120418,121540.338,48.3583216667,-4.566155,endLine
120418,121541.338,48.3583283333,-4.56620833333,endLine
120418,121542.338,48.358335,-4.56623833333,endLine
120418,121543.338,48.3583383333,-4.56625333333,endLine
120418,121544.338,48.3583383333,-4.56626166667,endLine
120418,121545.338,48.3583366667,-4.56627,endLine
120418,121546.338,48.3583366667,-4.56627666667,endLine
120418,121547.338,48.358335,-4.56627666667,endLine
120418,121548.338,48.3583316667,-4.566285,endLine
120418,121549.338,48.35833,-4.5663,endLine
120418,121550.338,48.3583333333,-4.56632333333,endLine
120418,121551.338,48.358335,-4.566335,endLine
120418,121552.338,48.3583366667,-4.56634333333,endLine
120418,121553.338,48.3583366667,-4.56634333333,endLine
120418,121554.338,48.3583366667,-4.566345,endLine
120418,121555.338,48.3583383333,-4.566345,endLine
120418,121556.338,48.3583383333,-4.566345,endLine
120418,121557.338,48.3583383333,-4.56634,endLine
120418,121558.338,48.358335,-4.56633,endLine
120418,121559.338,48.358335,-4.56632,endLine
120418,121600.338,48.358335,-4.56630666667,endLine
120418,121601.338,48.358335,-4.56629166667,endLine
120418,121602.338,48.3583316667,-4.56627166667,endLine
120418,121603.338,48.35833,-4.56625333333,endLine
120418,121604.338,48.3583283333,-4.566235,endLine
120418,121605.338,48.3583266667,-4.56621833333,endLine
120418,121606.338,48.358325,-4.56620166667,endLine
120418,121607.338,48.3583183333,-4.566165,endLine
120418,121608.338,48.3583233333,-4.566195,endLine
120418,121606.338,48.3583216667,-4.56618333333,endLine
120418,121607.338,48.3583133333,-4.56613,endLine
120418,121608.338,48.3583083333,-4.56609333333,endLine
120418,121609.338,48.3583016667,-4.56606333333,endLine
120418,121610.338,48.3583,-4.56604166667,endLine
120418,121611.338,48.3582983333,-4.566025,endLine
120418,121612.338,48.358295,-4.56600166667,endLine
120418,121613.338,48.3582916667,-4.56598,endLine
120418,121614.338,48.3582866667,-4.56594666667,endLine
120418,121615.338,48.3582833333,-4.56594333333,endLine
120418,121616.337,48.358285,-4.56595,endLine
120418,121617.338,48.358285,-4.56595333333,endLine
120418,121618.338,48.3582816667,-4.56595,endLine
120418,121619.338,48.3582783333,-4.56594333333,endLine
120418,121620.338,48.3582583333,-4.56584333333,endLine
120418,121621.338,48.35825,-4.565795,endLine
120418,121622.338,48.3582383333,-4.565745,endLine
120418,121623.338,48.35823,-4.56571,endLine
120418,121624.338,48.3582216667,-4.56568166667,endLine
120418,121625.338,48.3582166667,-4.56566833333,endLine
120418,121626.338,48.3582116667,-4.56565,endLine
120418,121627.338,48.3582116667,-4.56565,endLine
120418,121628.338,48.35821,-4.56564666667,endLine
120418,121629.336,48.358205,-4.56564,endLine
120418,121630.338,48.3581983333,-4.56561833333,endLine
120418,121631.338,48.3581916667,-4.56558833333,endLine
120418,121632.338,48.3581833333,-4.56556666667,endLine
120418,121633.338,48.3581766667,-4.56554,endLine
120418,121634.338,48.3581716667,-4.56552666667,endLine
120418,121635.338,48.358165,-4.56551,endLine
120418,121636.338,48.3581583333,-4.56548833333,endLine
120418,121637.338,48.3581516667,-4.565475,endLine
120418,121638.338,48.3581483333,-4.565475,endLine
120418,121639.338,48.3581466667,-4.56548,endLine
120418,121640.338,48.3581466667,-4.565495,endLine
120418,121641.338,48.358145,-4.56549833333,endLine
120418,121642.338,48.35814,-4.565495,endLine
120418,121643.338,48.3581366667,-4.565495,endLine
120418,121644.338,48.35813,-4.56549666667,endLine
120418,121645.338,48.3581266667,-4.56550333333,endLine
120418,121646.338,48.3581233333,-4.56550833333,endLine
120418,121647.338,48.3581183333,-4.56551,endLine
120418,121648.338,48.3581083333,-4.56550833333,endLine
120418,121649.338,48.3581016667,-4.56551,endLine
120418,121650.338,48.3580983333,-4.565515,endLine
120418,121651.338,48.3580966667,-4.56552166667,endLine
120418,121652.338,48.35809,-4.56552,endLine
120418,121653.338,48.358085,-4.565515,endLine
120418,121654.338,48.358085,-4.56551,endLine
120418,121655.338,48.3580866667,-4.56550666667,endLine
120418,121656.338,48.3580883333,-4.565505,endLine
120418,121657.338,48.358085,-4.56550833333,endLine
120418,121658.338,48.3580783333,-4.565505,endLine
120418,121659.338,48.358075,-4.56549333333,endLine
120418,121700.338,48.3580666667,-4.56547666667,endLine
120418,121701.338,48.3580633333,-4.56547,endLine
120418,121702.338,48.3580616667,-4.56545833333,endLine
120418,121703.338,48.3580633333,-4.56545666667,endLine
120418,121704.338,48.35806,-4.56544333333,endLine
120418,121705.338,48.3580583333,-4.56542,endLine
120418,121706.338,48.3580583333,-4.56540333333,endLine
120418,121707.338,48.35806,-4.56538833333,endLine
120418,121708.338,48.3580616667,-4.56537666667,endLine
120418,121709.338,48.3580616667,-4.56537666667,endLine
120418,121710.338,48.3580633333,-4.56538166667,endLine
120418,121711.338,48.3580683333,-4.56538666667,endLine
120418,121712.338,48.3580683333,-4.565385,endLine
120418,121713.338,48.35807,-4.56538,endLine
120418,121714.338,48.35807,-4.565375,endLine
120418,121715.338,48.3580666667,-4.56536666667,endLine
120418,121716.337,48.358065,-4.56535833333,endLine
120418,121717.338,48.3580633333,-4.56535,endLine
120418,121718.338,48.35806,-4.56533166667,endLine
120418,121719.338,48.3580566667,-4.56531166667,endLine
120418,121720.338,48.3580533333,-4.565295,endLine
120418,121721.338,48.3580516667,-4.56528166667,endLine
120418,121722.338,48.3580533333,-4.56528833333,endLine
120418,121723.338,48.3580533333,-4.56528666667,endLine
120418,121724.338,48.358055,-4.56528,endLine
120418,121725.338,48.3580583333,-4.56527666667,endLine
120418,121726.338,48.358065,-4.56527333333,endLine
120418,121727.338,48.3580716667,-4.56527333333,endLine
120418,121728.338,48.3580783333,-4.56527333333,endLine
120418,121729.338,48.35808,-4.56527166667,endLine
120418,121730.338,48.3580766667,-4.56526333333,endLine
120418,121731.338,48.358075,-4.56526333333,endLine
120418,121732.338,48.35807,-4.56527333333,endLine
120418,121733.338,48.3580633333,-4.56528,endLine
120418,121734.338,48.35806,-4.56529166667,endLine
120418,121735.338,48.3580566667,-4.56529666667,endLine
120418,121736.337,48.3580533333,-4.565305,endLine
120418,121737.337,48.3580483333,-4.56531333333,endLine
120418,121738.338,48.358045,-4.56531666667,endLine
120418,121739.338,48.35804,-4.56531333333,endLine
120418,121740.338,48.3580383333,-4.56531166667,endLine
120418,121741.338,48.3580366667,-4.56531,endLine
120418,121742.338,48.3580316667,-4.56531,endLine
120418,121743.338,48.3580266667,-4.56530833333,endLine
120418,121744.338,48.35802,-4.56529666667,endLine
120418,121745.338,48.3580116667,-4.56528666667,endLine
120418,121746.338,48.3580016667,-4.56528166667,endLine
120418,121747.337,48.3579966667,-4.56527666667,endLine
120418,121748.337,48.3579916667,-4.56528,endLine
120418,121749.337,48.357985,-4.565275,endLine
120418,121750.338,48.3579833333,-4.56527833333,endLine
120418,121751.338,48.35798,-4.56527833333,endLine
120418,121752.337,48.357975,-4.56528333333,endLine
120418,121753.338,48.35797,-4.5653,endLine
120418,121754.338,48.3579633333,-4.56531,endLine
120418,121755.338,48.3579583333,-4.56532166667,endLine
120418,121756.338,48.3579566667,-4.56535,endLine
120418,121757.338,48.3579566667,-4.56537833333,endLine
120418,121758.338,48.357955,-4.565405,endLine
120418,121759.338,48.3579533333,-4.56543,endLine
120418,121800.338,48.3579516667,-4.56546666667,endLine
120418,121801.337,48.3579516667,-4.56550666667,endLine
120418,121802.338,48.3579483333,-4.56552666667,endLine
120418,121803.337,48.3579433333,-4.56554166667,endLine
120418,121804.337,48.35794,-4.56555333333,endLine
120418,121805.337,48.35794,-4.56556666667,endLine
120418,121806.337,48.3579383333,-4.56557833333,endLine
120418,121807.338,48.3579333333,-4.56558666667,endLine
120418,121808.338,48.3579316667,-4.56560333333,endLine
120418,121809.338,48.357925,-4.56561333333,endLine
120418,121810.338,48.3579166667,-4.56561333333,endLine
120418,121811.338,48.3579083333,-4.56563,endLine
120418,121812.337,48.3579033333,-4.56564,endLine
120418,121813.338,48.3579016667,-4.56566833333,endLine
120418,121814.337,48.357895,-4.56568833333,endLine
120418,121815.337,48.3578883333,-4.5657,endLine
120418,121816.337,48.35788,-4.56571833333,endLine
120418,121817.337,48.35787,-4.56572166667,endLine
120418,121818.337,48.3578583333,-4.56572166667,endLine
120418,121819.337,48.3578466667,-4.56571833333,endLine
120418,121820.337,48.3578366667,-4.56572333333,endLine
120418,121821.337,48.3578266667,-4.56572666667,endLine
120418,121822.338,48.35782,-4.56574,endLine
120418,121823.337,48.3578133333,-4.56573666667,endLine
120418,121824.337,48.357805,-4.56574666667,endLine
120418,121825.337,48.3577966667,-4.56575333333,endLine
120418,121826.337,48.3577883333,-4.56575166667,endLine
120418,121827.337,48.35778,-4.56575333333,endLine
120418,121828.337,48.3577716667,-4.56576666667,endLine
120418,121829.337,48.35776,-4.56577666667,endLine
120418,121830.337,48.3577483333,-4.565785,endLine
120418,121831.337,48.357735,-4.56578666667,endLine
120418,121832.337,48.357725,-4.56580166667,endLine
120418,121833.337,48.3577183333,-4.56582166667,endLine
120418,121834.337,48.3577133333,-4.56584666667,endLine
120418,121835.337,48.3577066667,-4.56585666667,endLine
120418,121836.337,48.3576983333,-4.56586833333,endLine
120418,121837.337,48.35769,-4.56588166667,endLine
120418,121838.337,48.3576783333,-4.56587833333,endLine
120418,121839.337,48.3576716667,-4.56589,endLine
120418,121840.337,48.3576683333,-4.565915,endLine
120418,121841.337,48.3576616667,-4.56592333333,endLine
120418,121842.337,48.3576566667,-4.56594333333,endLine
120418,121843.337,48.3576533333,-4.565955,endLine
120418,121844.337,48.3576466667,-4.56596666667,endLine
120418,121845.337,48.3576383333,-4.56599333333,endLine
120418,121846.337,48.3576266667,-4.56600166667,endLine
120418,121847.337,48.357615,-4.56601666667,endLine
120418,121848.337,48.3576033333,-4.56604666667,endLine
120418,121849.337,48.35759,-4.56606833333,endLine
120418,121850.338,48.35758,-4.56608833333,endLine
120418,121851.338,48.357575,-4.56610833333,endLine
120418,121852.338,48.357575,-4.56612166667,endLine
120418,121853.338,48.3575716667,-4.56613833333,endLine
120418,121854.338,48.3575666667,-4.56614,endLine
120418,121855.338,48.357565,-4.56614666667,endLine
120418,121856.338,48.3575566667,-4.56615,endLine
120418,121857.338,48.35755,-4.566155,endLine
120418,121858.338,48.3575416667,-4.56616666667,endLine
120418,121859.338,48.35754,-4.56618,endLine
120418,121900.338,48.357535,-4.56619,endLine
120418,121901.338,48.3575266667,-4.56620833333,endLine
120418,121902.338,48.357515,-4.56622666667,endLine
120418,121903.338,48.3575,-4.56624833333,endLine
120418,121904.338,48.3574916667,-4.56626833333,endLine
120418,121905.338,48.357485,-4.56629,endLine
120418,121906.338,48.35748,-4.566305,endLine
120418,121907.338,48.35747,-4.56631833333,endLine
120418,121908.338,48.35746,-4.56633,endLine
120418,121909.338,48.357455,-4.56633,endLine
120418,121910.338,48.35745,-4.56633333333,endLine
120418,121911.338,48.357445,-4.56634,endLine
120418,121912.338,48.3574416667,-4.56633333333,endLine
120418,121913.338,48.3574383333,-4.56633166667,endLine
120418,121914.338,48.3574366667,-4.56633,endLine
120418,121915.338,48.3574333333,-4.56633333333,endLine
120418,121916.337,48.3574283333,-4.56633333333,endLine
120418,121917.338,48.3574216667,-4.56632833333,endLine
120418,121918.338,48.357415,-4.56632333333,endLine
120418,121919.338,48.3574083333,-4.56631,endLine
120418,121920.338,48.3574,-4.5663,endLine
120418,121921.338,48.3573966667,-4.56629166667,endLine
120418,121922.338,48.357395,-4.56628,endLine
120418,121923.338,48.3573916667,-4.56626833333,endLine
120418,121924.338,48.3573916667,-4.56625666667,endLine
120418,121925.338,48.35739,-4.56624166667,endLine
120418,121926.338,48.35739,-4.56622666667,endLine
120418,121927.338,48.3573866667,-4.56621666667,endLine
120418,121928.338,48.3573783333,-4.566205,endLine
120418,121929.338,48.35737,-4.566195,endLine
120418,121930.338,48.3573666667,-4.56619666667,endLine
120418,121931.338,48.3573633333,-4.56618666667,endLine
120418,121932.338,48.357365,-4.56619333333,endLine
120418,121933.338,48.3573683333,-4.56620166667,endLine
120418,121934.338,48.35737,-4.56620666667,endLine
120418,121935.338,48.3573733333,-4.56620333333,endLine
120418,121936.338,48.357375,-4.56619666667,endLine
120418,121937.338,48.3573783333,-4.56619,endLine
120418,121938.337,48.3573766667,-4.56618333333,endLine
120418,121939.337,48.3573783333,-4.56618833333,endLine
120418,121940.337,48.3573783333,-4.56619333333,endLine
120418,121941.337,48.357375,-4.56619333333,endLine
120418,121942.337,48.3573733333,-4.56619666667,endLine
120418,121943.338,48.3573666667,-4.56618333333,endLine
120418,121944.338,48.357365,-4.56617666667,endLine
120418,121945.337,48.3573633333,-4.56617,endLine
120418,121946.337,48.35736,-4.56617,endLine
120418,121947.337,48.3573566667,-4.56618,endLine
120418,121948.337,48.35735,-4.56618833333,endLine
120418,121949.337,48.3573433333,-4.56618833333,endLine
120418,121950.337,48.3573366667,-4.56618333333,endLine
120418,121951.337,48.3573333333,-4.566175,endLine
120418,121952.337,48.35733,-4.56618166667,endLine
120418,121953.337,48.3573283333,-4.566175,endLine
120418,121954.337,48.35733,-4.56618,endLine
120418,121955.337,48.3573366667,-4.56618333333,endLine
120418,121956.337,48.3573383333,-4.566185,endLine
120418,121957.337,48.357335,-4.56618,endLine
120418,121958.337,48.3573383333,-4.56618333333,endLine
120418,121959.337,48.3573466667,-4.566185,endLine
120418,122000.336,48.3573533333,-4.56619,endLine
120418,122001.336,48.3573566667,-4.56619333333,endLine
120418,122002.336,48.3573583333,-4.5662,endLine
120418,122003.336,48.3573533333,-4.566195,endLine
120418,122004.336,48.3573466667,-4.56619,endLine
120418,122005.336,48.3573383333,-4.56618833333,endLine
120418,122006.336,48.35733,-4.56619166667,endLine
120418,122007.336,48.3573266667,-4.56619666667,endLine
120418,122008.336,48.35732,-4.56620833333,endLine
120418,122009.336,48.3573166667,-4.56621333333,endLine
120418,122010.336,48.3573133333,-4.56621666667,endLine
120418,122011.336,48.35731,-4.566215,endLine
120418,122012.336,48.3573066667,-4.56620333333,endLine
120418,122013.336,48.3573033333,-4.56620333333,endLine
120418,122014.336,48.3573,-4.56618833333,endLine
120418,122015.336,48.3573016667,-4.56619,endLine
120418,122016.336,48.3573033333,-4.56618666667,endLine
120418,122017.336,48.3573033333,-4.56618166667,endLine
120418,122018.336,48.3573033333,-4.566185,endLine
120418,122019.336,48.3573,-4.56618833333,endLine
120418,122020.336,48.3572983333,-4.56619166667,endLine
120418,122021.336,48.3572916667,-4.56619,endLine
120418,122022.336,48.357285,-4.56618333333,endLine
120418,122023.336,48.3572783333,-4.56617333333,endLine
120418,122024.336,48.3572766667,-4.56616666667,endLine
120418,122025.336,48.357275,-4.56617166667,endLine
120418,122026.336,48.3572733333,-4.56616833333,endLine
120418,122027.336,48.3572716667,-4.56617666667,endLine
120418,122028.336,48.3572683333,-4.56617833333,endLine
120418,122029.336,48.357265,-4.56618166667,endLine
120418,122030.336,48.357265,-4.56617166667,endLine
120418,122031.336,48.3572633333,-4.56617,endLine
120418,122032.335,48.3572666667,-4.56617666667,endLine
120418,122033.336,48.3572666667,-4.56618166667,endLine
120418,122034.336,48.3572616667,-4.56618166667,endLine
120418,122035.336,48.3572566667,-4.56617833333,endLine
120418,122036.336,48.357245,-4.566175,endLine
120418,122037.336,48.3572366667,-4.56618666667,endLine
120418,122038.336,48.357235,-4.56620166667,endLine
120418,122039.336,48.3572316667,-4.56620833333,endLine
120418,122040.336,48.3572316667,-4.56622666667,endLine
120418,122041.336,48.3572283333,-4.56623333333,endLine
120418,122042.335,48.35723,-4.56624166667,endLine
120418,122043.336,48.357235,-4.56624833333,endLine
120418,122044.336,48.3572383333,-4.56625666667,endLine
120418,122045.336,48.35724,-4.56626666667,endLine
120418,122046.336,48.3572416667,-4.56626833333,endLine
120418,122047.336,48.357245,-4.566275,endLine
120418,122048.336,48.3572516667,-4.56629833333,endLine
120418,122049.336,48.3572516667,-4.56630333333,endLine
120418,122050.336,48.3572533333,-4.566295,endLine
120418,122051.336,48.3572516667,-4.56626333333,endLine
120418,122052.336,48.3572566667,-4.56624833333,endLine
120418,122053.336,48.357255,-4.56622833333,endLine
120418,122054.336,48.3572566667,-4.56622166667,endLine
120418,122055.336,48.3572616667,-4.56621,endLine
120418,122056.336,48.3572666667,-4.56621333333,endLine
120418,122057.336,48.3572683333,-4.56622166667,endLine
120418,122058.335,48.3572666667,-4.566235,endLine
120418,122059.336,48.35727,-4.56622333333,endLine
120418,122100.336,48.35727,-4.566215,endLine
120418,122101.336,48.3572683333,-4.56619833333,endLine
120418,122102.336,48.35727,-4.56618333333,endLine
120418,122103.336,48.35727,-4.56616,endLine
120418,122104.336,48.35727,-4.56615,endLine
120418,122105.336,48.3572733333,-4.56613333333,endLine
120418,122106.336,48.3572783333,-4.566125,endLine
120418,122107.336,48.3572833333,-4.56612166667,endLine
120418,122108.336,48.357285,-4.56612166667,endLine
120418,122109.336,48.3572816667,-4.56612666667,endLine
120418,122110.336,48.3572816667,-4.56613166667,endLine
120418,122111.336,48.3572833333,-4.566135,endLine
120418,122112.336,48.357285,-4.56615333333,endLine
120418,122113.336,48.357285,-4.56616166667,endLine
120418,122114.336,48.3572816667,-4.56615333333,endLine
120418,122115.336,48.35728,-4.566135,endLine
120418,122116.336,48.35728,-4.56610833333,endLine
120418,122117.333,48.35728,-4.56609,endLine
120418,122118.336,48.3572816667,-4.56607833333,endLine
120418,122119.000,48.35728,-4.56605333333,endLine
120418,122120.000,48.3572783333,-4.56604,endLine
120418,122121.000,48.3572733333,-4.56603333333,endLine
120418,122122.000,48.3572716667,-4.56602833333,endLine
120418,122123.000,48.35727,-4.56602166667,endLine
120418,122124.000,48.3572666667,-4.56602,endLine
120418,122125.000,48.3572633333,-4.56601666667,endLine
120418,122126.000,48.3572633333,-4.56600833333,endLine
120418,122127.000,48.3572633333,-4.56600166667,endLine
120418,122128.000,48.357265,-4.565995,endLine
120418,122129.000,48.357265,-4.56598833333,endLine
120418,122130.000,48.357265,-4.56598333333,endLine
120418,122131.000,48.3572633333,-4.56598166667,endLine
120418,122132.000,48.3572616667,-4.56598333333,endLine
120418,122133.000,48.3572583333,-4.56598333333,endLine
120418,122134.000,48.3572566667,-4.565985,endLine
120418,122135.000,48.3572533333,-4.56598833333,endLine
120418,122136.000,48.3572516667,-4.56598833333,endLine
120418,122137.000,48.3572516667,-4.56598833333,endLine
120418,122138.000,48.3572516667,-4.56597833333,endLine
120418,122139.000,48.3572516667,-4.56596666667,endLine
120418,122140.000,48.3572466667,-4.565935,endLine
120418,122141.000,48.3572416667,-4.56590833333,endLine
120418,122142.000,48.3572366667,-4.56588833333,endLine
120418,122143.000,48.3572366667,-4.56591,endLine
120418,122144.000,48.3572366667,-4.565925,endLine
120418,122145.000,48.3572383333,-4.56594833333,endLine
120418,122146.000,48.3572383333,-4.56595166667,endLine
120418,122147.000,48.3572383333,-4.56595333333,endLine
120418,122148.000,48.35724,-4.56595,endLine
120418,122149.000,48.3572433333,-4.56594333333,endLine
120418,122150.000,48.357245,-4.565935,endLine
120418,122151.000,48.3572433333,-4.56592666667,endLine
120418,122152.000,48.3572416667,-4.56592333333,endLine
120418,122153.000,48.35724,-4.56592166667,endLine
120418,122154.000,48.3572383333,-4.56592666667,endLine
120418,122155.000,48.3572366667,-4.56592333333,endLine
120418,122156.000,48.3572383333,-4.56594,endLine
120418,122157.000,48.35724,-4.56596,endLine
120418,122158.000,48.3572416667,-4.56599,endLine
120418,122159.000,48.357245,-4.56603,endLine
120418,122200.000,48.35725,-4.566065,endLine
120418,122201.000,48.35725,-4.56607166667,endLine
120418,122202.000,48.3572516667,-4.56607166667,endLine
120418,122203.000,48.3572533333,-4.566075,endLine
120418,122204.000,48.357255,-4.56609166667,endLine
120418,122205.000,48.35726,-4.56612833333,endLine
120418,122206.000,48.3572666667,-4.56617666667,endLine
120418,122207.000,48.3572733333,-4.56620166667,endLine
120418,122208.000,48.3572766667,-4.56622666667,endLine
120418,122209.000,48.35728,-4.56624666667,endLine
120418,122210.000,48.35728,-4.56625833333,endLine
120418,122211.000,48.35728,-4.56626833333,endLine
120418,122212.000,48.3572783333,-4.56628,endLine
120418,122213.000,48.357275,-4.56626,endLine
120418,122214.000,48.3572716667,-4.56624833333,endLine
120418,122215.000,48.3572683333,-4.566225,endLine
120418,122216.000,48.3572666667,-4.56620666667,endLine
120418,122217.000,48.357265,-4.566185,endLine
120418,122218.000,48.357265,-4.56618833333,endLine
120418,122219.000,48.3572666667,-4.56617833333,endLine
120418,122220.000,48.35727,-4.566175,endLine
120418,122221.000,48.3572683333,-4.56617666667,endLine
120418,122222.000,48.357265,-4.56617,endLine
120418,122223.000,48.357265,-4.56616,endLine
120418,122224.000,48.357265,-4.56615333333,endLine
120418,122225.000,48.3572633333,-4.56615333333,endLine
120418,122226.000,48.357265,-4.56615833333,endLine
120418,122227.000,48.3572633333,-4.56615833333,endLine
120418,122228.000,48.3572616667,-4.566145,endLine
120418,122229.000,48.3572583333,-4.56614333333,endLine
120418,122230.000,48.3572583333,-4.56614833333,endLine
120418,122231.000,48.3572583333,-4.56615,endLine
120418,122232.000,48.35726,-4.56616166667,endLine
120418,122233.000,48.3572616667,-4.56617666667,endLine
120418,122234.000,48.3572633333,-4.56619333333,endLine
120418,122235.000,48.357265,-4.56619833333,endLine
120418,122236.000,48.3572683333,-4.56619833333,endLine
120418,122237.000,48.3572683333,-4.56619166667,endLine
120418,122238.000,48.35727,-4.56618333333,endLine
120418,122239.000,48.3572716667,-4.56618833333,endLine
120418,122240.000,48.3572716667,-4.5662,endLine
120418,122241.000,48.357275,-4.566215,endLine
120418,122242.000,48.3572733333,-4.56622,endLine
120418,122243.000,48.3572733333,-4.56621833333,endLine
120418,122244.000,48.3572716667,-4.56618833333,endLine
120418,122245.000,48.35727,-4.56616833333,endLine
120418,122246.000,48.3572683333,-4.56614666667,endLine
120418,122247.000,48.35727,-4.566145,endLine
120418,122248.000,48.3572683333,-4.566135,endLine
120418,122249.000,48.3572683333,-4.56614,endLine
120418,122250.000,48.3572716667,-4.56615166667,endLine
120418,122251.000,48.3572716667,-4.56615666667,endLine
120418,122252.000,48.3572716667,-4.56616,endLine
120418,122253.000,48.3572733333,-4.56616166667,endLine
120418,122254.000,48.3572716667,-4.56616333333,endLine
120418,122255.000,48.35727,-4.56616333333,endLine
120418,122256.000,48.3572716667,-4.56616166667,endLine
120418,122257.000,48.3572733333,-4.56616666667,endLine
120418,122258.000,48.3572766667,-4.56617833333,endLine
120418,122259.000,48.3572783333,-4.56618666667,endLine
120418,122300.000,48.357275,-4.56618666667,endLine
120418,122301.000,48.3572733333,-4.566185,endLine
120418,122302.000,48.357275,-4.56619166667,endLine
120418,122303.000,48.3572783333,-4.56619666667,endLine
120418,122304.000,48.3572816667,-4.566215,endLine
120418,122305.000,48.357285,-4.56622666667,endLine
120418,122306.000,48.3572866667,-4.56623,endLine
120418,122307.000,48.3572866667,-4.56623,endLine
120418,122308.000,48.357285,-4.566235,endLine
120418,122309.000,48.3572866667,-4.56624,endLine
120418,122310.000,48.357285,-4.56624166667,endLine
120418,122311.000,48.3572866667,-4.56625166667,endLine
120418,122312.000,48.357295,-4.56627,endLine
120418,122313.000,48.3573,-4.56627833333,endLine
120418,122314.000,48.3573033333,-4.56628166667,endLine
120418,122315.000,48.3573033333,-4.56628666667,endLine
120418,122316.000,48.357305,-4.56630166667,endLine
120418,122317.000,48.3573083333,-4.566325,endLine
120418,122318.000,48.3573133333,-4.56634833333,endLine
120418,122319.000,48.357315,-4.56635333333,endLine
120418,122320.000,48.35732,-4.56636333333,endLine
120418,122321.000,48.357325,-4.56637333333,endLine
120418,122322.000,48.3573283333,-4.56637666667,endLine
120418,122323.000,48.35733,-4.566375,endLine
120418,122324.000,48.3573333333,-4.56637666667,endLine
120418,122325.000,48.3573366667,-4.56639666667,endLine
120418,122326.000,48.3573383333,-4.56641,endLine
120418,122327.000,48.3573416667,-4.56641833333,endLine
120418,122328.000,48.3573466667,-4.56643166667,endLine
120418,122329.000,48.35735,-4.566435,endLine
120418,122330.000,48.3573566667,-4.56645,endLine
120418,122331.000,48.3573616667,-4.56646833333,endLine
120418,122332.000,48.3573616667,-4.566465,endLine
120418,122333.000,48.35736,-4.566465,endLine
120418,122334.000,48.3573566667,-4.56645333333,endLine
120418,122335.000,48.35735,-4.56642333333,endLine
120418,122336.000,48.3573433333,-4.56639333333,endLine
120418,122337.000,48.35734,-4.56638166667,endLine
120418,122338.000,48.3573383333,-4.56638166667,endLine
120418,122339.000,48.3573366667,-4.566385,endLine
120418,122340.000,48.3573366667,-4.56638666667,endLine
120418,122341.000,48.357335,-4.566375,endLine
120418,122342.000,48.3573383333,-4.56638,endLine
120418,122343.000,48.3573366667,-4.56635333333,endLine
120418,122344.000,48.3573333333,-4.56630833333,endLine
120418,122345.000,48.3573316667,-4.56628166667,endLine
120418,122346.000,48.35733,-4.56624666667,endLine
120418,122347.000,48.3573266667,-4.56621833333,endLine
120418,122348.000,48.35733,-4.56623,endLine
120418,122349.000,48.3573283333,-4.56620166667,endLine
120418,122350.000,48.3573333333,-4.56620833333,endLine
120418,122351.000,48.3573366667,-4.56621333333,endLine
120418,122352.000,48.35734,-4.56621,endLine
120418,122353.000,48.3573416667,-4.56620666667,endLine
120418,122354.000,48.3573433333,-4.56619,endLine
120418,122355.000,48.3573466667,-4.56618166667,endLine
120418,122356.000,48.3573516667,-4.56618666667,endLine
120418,122357.000,48.3573566667,-4.56619166667,endLine
120418,122358.000,48.3573566667,-4.56618833333,endLine
120418,122359.000,48.3573533333,-4.56616,endLine
120418,122400.000,48.3573516667,-4.56616166667,endLine
120418,122401.000,48.3573516667,-4.56617666667,endLine
120418,122402.000,48.3573483333,-4.56617666667,endLine
120418,122403.000,48.3573483333,-4.56617833333,endLine
120418,122404.000,48.3573516667,-4.56617833333,endLine
120418,122405.000,48.3573566667,-4.56618,endLine
120418,122406.000,48.3573583333,-4.56616,endLine
120418,122407.000,48.3573566667,-4.566145,endLine
120418,122408.000,48.3573616667,-4.56614333333,endLine
120418,122409.000,48.3573633333,-4.56615166667,endLine
120418,122410.000,48.3573666667,-4.566165,endLine
120418,122411.000,48.3573716667,-4.56617833333,endLine
120418,122412.000,48.3573733333,-4.56619666667,endLine
120418,122413.000,48.3573716667,-4.56618333333,endLine
120418,122414.000,48.3573716667,-4.566185,endLine
120418,122415.000,48.3573716667,-4.56618833333,endLine
120418,122416.000,48.35737,-4.56619,endLine
120418,122417.000,48.3573733333,-4.56619166667,endLine
120418,122418.000,48.35738,-4.566195,endLine
120418,122419.000,48.3573783333,-4.56615166667,endLine
120418,122420.000,48.3573766667,-4.56614333333,endLine
120418,122421.000,48.3573783333,-4.56613666667,endLine
120418,122422.000,48.3573816667,-4.56613,endLine
120418,122423.000,48.3573833333,-4.56613,endLine
120418,122424.000,48.357385,-4.56613333333,endLine
120418,122425.000,48.357385,-4.56612333333,endLine
120418,122426.000,48.357385,-4.56613,endLine
120418,122427.000,48.3573816667,-4.56610833333,endLine
120418,122428.000,48.3573783333,-4.56609666667,endLine
120418,122429.000,48.3573766667,-4.56608166667,endLine
120418,122430.000,48.35737,-4.566045,endLine
120418,122431.000,48.3573683333,-4.56604166667,endLine
120418,122432.000,48.3573683333,-4.56604666667,endLine
120418,122433.000,48.357365,-4.56603,endLine
120418,122434.000,48.3573616667,-4.56602333333,endLine
120418,122435.000,48.3573633333,-4.56602666667,endLine
120418,122436.000,48.35737,-4.56602833333,endLine
120418,122437.000,48.3573733333,-4.566035,endLine
120418,122438.000,48.357375,-4.56603833333,endLine
120418,122439.000,48.3573766667,-4.56602,endLine
120418,122440.000,48.3573733333,-4.56599833333,endLine
120418,122441.000,48.35737,-4.56598333333,endLine
120418,122442.000,48.3573666667,-4.56594833333,endLine
120418,122443.000,48.3573616667,-4.56591,endLine
120418,122444.000,48.35736,-4.56589833333,endLine
120418,122445.000,48.3573616667,-4.56589,endLine
120418,122446.000,48.3573633333,-4.56588833333,endLine
120418,122447.000,48.3573616667,-4.56588333333,endLine
120418,122448.000,48.3573616667,-4.565885,endLine
120418,122449.000,48.3573616667,-4.56589,endLine
120418,122450.000,48.3573583333,-4.565885,endLine
120418,122451.000,48.357355,-4.56587333333,endLine
120418,122452.000,48.3573533333,-4.56586,endLine
120418,122453.000,48.3573566667,-4.56587333333,endLine
120418,122454.000,48.3573566667,-4.56586833333,endLine
120418,122455.000,48.357355,-4.56585333333,endLine
120418,122456.000,48.3573516667,-4.56583166667,endLine
120418,122457.000,48.3573516667,-4.56583333333,endLine
120418,122458.000,48.357355,-4.565835,endLine
120418,122459.000,48.3573616667,-4.56585666667,endLine
120418,122500.000,48.3573633333,-4.56584166667,endLine
120418,122501.000,48.35737,-4.565835,endLine
120418,122502.000,48.3573783333,-4.56582,endLine
120418,122503.000,48.3573933333,-4.56581333333,endLine
120418,122504.000,48.3574016667,-4.56579833333,endLine
120418,122505.000,48.357405,-4.56579,endLine
120418,122506.000,48.357405,-4.56577666667,endLine
120418,122507.000,48.3574033333,-4.56575666667,endLine
120418,122508.000,48.357405,-4.565755,endLine
120418,122509.000,48.35741,-4.565765,endLine
120418,122510.000,48.3574166667,-4.56576666667,endLine
120418,122511.000,48.3574283333,-4.56576666667,endLine
120418,122512.000,48.3574483333,-4.56579,endLine
120418,122513.000,48.3574416667,-4.56576666667,endLine
120418,122514.000,48.3574433333,-4.56575,endLine
120418,122515.000,48.3574366667,-4.56573333333,endLine
120418,122516.000,48.35743,-4.56572,endLine
120418,122517.000,48.35742,-4.56566666667,endLine
120418,122518.000,48.357415,-4.56562,endLine
120418,122519.000,48.35741,-4.56560166667,endLine
120418,122520.000,48.3574083333,-4.56559333333,endLine
120418,122521.000,48.357415,-4.56560166667,endLine
120418,122522.000,48.3574233333,-4.56560666667,endLine
120418,122523.000,48.3574433333,-4.565625,endLine
120418,122524.000,48.35746,-4.56564333333,endLine
120418,122525.000,48.35747,-4.56565833333,endLine
120418,122526.000,48.357475,-4.56566166667,endLine
120418,122527.000,48.3574833333,-4.56567166667,endLine
120418,122528.000,48.3574883333,-4.56565833333,endLine
120418,122529.000,48.3574916667,-4.56565,endLine
120418,122530.000,48.35749,-4.56563833333,endLine
120418,122531.000,48.35749,-4.56562833333,endLine
120418,122532.000,48.35749,-4.56561666667,endLine
120418,122533.000,48.35749,-4.56562833333,endLine
120418,122534.000,48.357495,-4.56563166667,endLine
120418,122535.000,48.3574916667,-4.56563,endLine
120418,122536.000,48.357485,-4.56563166667,endLine
120418,122537.000,48.35748,-4.56564,endLine
120418,122538.000,48.357475,-4.56566,endLine
120418,122539.000,48.3574766667,-4.56567333333,endLine
120418,122540.000,48.3574816667,-4.56567833333,endLine
120418,122541.000,48.3574883333,-4.56569,endLine
120418,122542.000,48.357495,-4.565705,endLine
120418,122543.000,48.3575033333,-4.565715,endLine
120418,122544.000,48.357505,-4.56571666667,endLine
120418,122545.000,48.3575116667,-4.56573333333,endLine
120418,122546.000,48.35752,-4.56574333333,endLine
120418,122547.000,48.3575283333,-4.565755,endLine
120418,122548.000,48.3575383333,-4.565765,endLine
120418,122549.000,48.357545,-4.565775,endLine
120418,122550.000,48.3575466667,-4.56577833333,endLine
120418,122551.000,48.357545,-4.56577833333,endLine
120418,122552.000,48.357545,-4.56578166667,endLine
120418,122553.000,48.3575533333,-4.565815,endLine
120418,122554.000,48.3575583333,-4.56582,endLine
120418,122555.000,48.3575683333,-4.56585333333,endLine
120418,122556.000,48.3575783333,-4.56588833333,endLine
120418,122557.000,48.3575816667,-4.565895,endLine
120418,122558.000,48.357585,-4.56589,endLine
120418,122559.000,48.3575883333,-4.56589166667,endLine
120418,122600.000,48.357595,-4.56589833333,endLine
120418,122601.000,48.3576033333,-4.56591333333,endLine
120418,122602.000,48.35761,-4.56592666667,endLine
120418,122603.000,48.357615,-4.56593166667,endLine
120418,122604.000,48.3576183333,-4.565935,endLine
120418,122605.000,48.3576216667,-4.56592666667,endLine
120418,122606.000,48.3576266667,-4.56593333333,endLine
120418,122607.000,48.3576283333,-4.56594,endLine
120418,122608.000,48.35763,-4.56594333333,endLine
120418,122609.000,48.3576333333,-4.565955,endLine
120418,122610.000,48.3576366667,-4.56598166667,endLine
120418,122611.000,48.3576366667,-4.56599,endLine
120418,122612.000,48.3576316667,-4.56599666667,endLine
120418,122613.000,48.3576316667,-4.566005,endLine
120418,122614.000,48.3576333333,-4.566025,endLine
120418,122615.000,48.3576366667,-4.56605166667,endLine
120418,122616.000,48.3576383333,-4.56608,endLine
120418,122617.000,48.357645,-4.566125,endLine
120418,122620.000,48.3576466667,-4.56615333333,endLine
120418,122621.000,48.3576533333,-4.56615833333,endLine
120418,122622.000,48.357655,-4.56616,endLine
120418,122630.000,48.357575,-4.56618166667,endLine
120418,122631.000,48.3575633333,-4.56619833333,endLine
120418,122632.000,48.3575466667,-4.56620166667,endLine
120418,122640.000,48.3574483333,-4.56623833333,endLine
120418,122641.000,48.3574316667,-4.566215,endLine
120418,122642.000,48.3574216667,-4.56621,endLine
120418,122656.000,48.357345,-4.56622166667,endLine
120418,122657.000,48.3573383333,-4.56622333333,endLine
120418,122701.000,48.3573116667,-4.566235,endLine
120418,122702.000,48.3573066667,-4.566235,endLine
120418,122716.000,48.3573333333,-4.56618666667,endLine
120418,122717.000,48.3573366667,-4.56617666667,endLine
120418,122721.000,48.357345,-4.56617666667,endLine
120418,122722.000,48.3573466667,-4.56616833333,endLine
120418,122736.000,48.3573633333,-4.566175,endLine
120418,122737.000,48.357365,-4.56616666667,endLine
120418,122746.000,48.3573216667,-4.56598333333,endLine
120418,122747.000,48.3573166667,-4.56596666667,endLine
120418,122756.000,48.3573216667,-4.56593,endLine
120418,122757.000,48.3573233333,-4.56594833333,endLine
120418,122811.000,48.357375,-4.56625833333,endLine
120418,122812.000,48.3573766667,-4.56626166667,endLine
120418,122816.000,48.3573716667,-4.566275,endLine
120418,122817.000,48.3573666667,-4.56625166667,endLine
120418,122831.000,48.3573233333,-4.56598833333,endLine
120418,122832.000,48.357325,-4.56599833333,endLine
120418,122836.000,48.3573283333,-4.56604166667,endLine
120418,122837.000,48.3573283333,-4.56603833333,endLine
120418,122851.000,48.3573216667,-4.56606166667,endLine
120418,122852.000,48.35732,-4.566055,endLine
